      0/49     1.48G   0.08966    0.0097   0.03649    0.1358         0       640         0         0   0.01341  0.003294   0.06429  0.008393    0.0262
      1/49     2.49G   0.06509  0.009694   0.02285   0.09764         1       640   0.09793   0.01835   0.04716   0.01537   0.05716  0.008419   0.02552
      2/49     2.49G   0.05705  0.009146   0.01827   0.08447         6       640    0.1535    0.1998    0.1562   0.05411   0.04376  0.008178   0.01405
      3/49     2.49G    0.0558  0.008525   0.01473   0.07906         9       640    0.2208   0.05968   0.05558   0.01513   0.05303  0.007964   0.01822
      4/49     2.49G   0.05196  0.007993   0.01226   0.07221         3       640    0.2411    0.1635    0.1316   0.04222   0.04623  0.006875   0.01162
      5/49     2.49G    0.0522  0.007957   0.01226   0.07242         1       640    0.2683    0.3703    0.2767   0.08913   0.04006  0.007196  0.007328
      6/49     2.49G   0.04785    0.0076  0.008446    0.0639         6       640    0.2596    0.3931    0.2648   0.08924   0.03769  0.007045  0.006314
      7/49     2.49G   0.04732  0.007272  0.007336   0.06193         2       640    0.3308    0.4568    0.3155   0.09833   0.03687  0.006705  0.005091
      8/49     2.49G   0.04589  0.007207  0.006425   0.05952         1       640    0.4434    0.4512    0.3993    0.1329   0.03475   0.00683  0.004041
      9/49     2.49G   0.04439  0.006983  0.005108   0.05648         1       640    0.3786    0.5068    0.3993     0.135   0.03358  0.006695  0.003678
     10/49     2.49G    0.0428  0.006703  0.004686   0.05419         1       640    0.4304    0.5274    0.4276    0.1418   0.03513  0.006448  0.003362
     11/49     2.49G   0.04285  0.006649  0.004194   0.05369         5       640    0.4046    0.6565    0.5028    0.1695   0.03241  0.006397  0.003172
     12/49     2.49G    0.0412  0.006537  0.003886   0.05162         1       640    0.4378    0.6358    0.5091    0.1841   0.03373  0.006258  0.002575
     13/49      2.5G   0.04187  0.006396  0.003758   0.05202        12       640    0.4318    0.6873    0.5284    0.1925    0.0314  0.006276  0.002528
     14/49      2.5G   0.05154  0.008102   0.01193   0.07156         4       640     0.343    0.4027    0.3275   0.09941   0.03775   0.00711  0.005351
     15/49      2.5G   0.04488  0.007234  0.005755   0.05787         1       640    0.4089    0.5849    0.4661    0.1676   0.03805  0.006196  0.003126
     16/49      2.5G   0.04265  0.006784  0.004676   0.05411        10       640    0.4257    0.6597    0.5139    0.1845   0.03282  0.006291   0.00286
     17/49      2.5G    0.0416   0.00654  0.004041   0.05218         1       640    0.4779    0.6383    0.5406    0.2105   0.03154  0.006069  0.002276
     18/49      2.5G   0.04074  0.006392  0.003615   0.05075         1       640    0.4423    0.6586    0.5552    0.2194   0.03192  0.005909  0.002062
     19/49      2.5G   0.04024  0.006177  0.003085    0.0495         4       640    0.4925    0.6636    0.5744    0.2345   0.03045   0.00585  0.002031
     20/49      2.5G   0.03979  0.006098  0.002907    0.0488         3       640    0.4304    0.7159    0.5746    0.2462   0.03163  0.005732  0.001835
     21/49      2.5G   0.03934  0.006004  0.003115   0.04846         1       640    0.4063     0.689    0.5789    0.2391   0.03007  0.005726  0.001782
     22/49      2.5G   0.03847  0.006005  0.002615   0.04709         4       640    0.4826    0.7321     0.595    0.2472   0.03089  0.005804  0.001676
     23/49      2.5G   0.03826  0.005912  0.002689   0.04686         4       640    0.5019    0.6844    0.5707    0.2475   0.02883  0.005482   0.00167
     24/49      2.5G    0.0378   0.00573  0.002444   0.04597         5       640    0.4436    0.7286    0.6094    0.2737   0.03052  0.005249  0.001607
     25/49      2.5G   0.03741  0.005779  0.002446   0.04564         7       640     0.546    0.7308    0.6199    0.2872   0.02967  0.005237  0.001465
     26/49      2.5G    0.0359  0.005635   0.00229   0.04383         9       640    0.4886    0.7001    0.5987    0.2914   0.02816  0.005196  0.001465
     27/49      2.5G   0.03609   0.00544  0.002071    0.0436         3       640    0.5109    0.7104    0.6164    0.3018   0.02782  0.005266  0.001558
     28/49      2.5G   0.03546  0.005364  0.002112   0.04294         2       640    0.5433    0.7058    0.5979    0.2974   0.02809  0.005119  0.001495
     29/49      2.5G    0.0356  0.005398  0.002085   0.04309         1       640     0.537    0.7373    0.6116    0.2935   0.02792  0.005091   0.00132
     30/49      2.5G   0.03461  0.005333  0.001972   0.04191         9       640     0.519     0.703    0.5864    0.2886    0.0276  0.004932  0.001475
     31/49      2.5G    0.0342  0.005243  0.001815   0.04126         2       640    0.5342    0.7308    0.6121    0.3115    0.0275  0.004933  0.001506
     32/49      2.5G   0.03403   0.00511   0.00201   0.04115         2       640    0.5078    0.7273    0.6232    0.3203    0.0272  0.004823   0.00137
     33/49      2.5G   0.03402  0.005213  0.001827   0.04106         3       640    0.5507    0.7313    0.6068    0.3222    0.0265  0.004721  0.001378
     34/49      2.5G   0.03325  0.005066  0.001809   0.04012         3       640    0.5397    0.6919    0.5871    0.3167   0.02706  0.004786  0.001315
     35/49      2.5G     0.033  0.005064  0.001929   0.03999         3       640    0.5425    0.7316    0.6032    0.3067   0.02724   0.00464  0.001245
     36/49      2.5G   0.03322  0.005083  0.001818   0.04012         2       640    0.5418    0.7277       0.6    0.3278   0.02673   0.00462   0.00138
     37/49      2.5G   0.03238  0.004993  0.001723    0.0391        12       640    0.5397    0.7606    0.6345    0.3325     0.026   0.00464  0.001297
     38/49      2.5G   0.03289  0.005032  0.001613   0.03954         3       640    0.5434    0.7526    0.6261    0.3293    0.0268  0.004544  0.001244
     39/49      2.5G   0.03218  0.004958  0.001858     0.039         3       640    0.5207    0.7468    0.6106    0.3252   0.02603  0.004653  0.001395
     40/49      2.5G   0.03156  0.004827  0.001375   0.03776         7       640    0.5661    0.7577    0.6182    0.3382   0.02514  0.004521  0.001332
     41/49      2.5G   0.03164  0.004791  0.001495   0.03793         5       640    0.5336    0.7557    0.6165    0.3449   0.02561  0.004437  0.001289
     42/49      2.5G   0.03127  0.004789  0.001466   0.03752         2       640    0.5481    0.7489    0.6024    0.3224   0.02517  0.004477  0.001308
     43/49      2.5G   0.03148  0.004724  0.001685   0.03789         5       640     0.557    0.7489    0.6225    0.3494   0.02553  0.004388  0.001214
     44/49      2.5G   0.03095  0.004693  0.001498   0.03714         5       640      0.57    0.7423    0.6115    0.3418   0.02491  0.004436  0.001317
     45/49      2.5G   0.03039  0.004597  0.001494   0.03648         1       640    0.5534    0.7451    0.6219    0.3524   0.02438  0.004389  0.001234
     46/49      2.5G   0.03112   0.00481  0.001458   0.03739         3       640    0.5587    0.7541    0.6137    0.3431   0.02472  0.004352  0.001228
     47/49      2.5G   0.03027  0.004624    0.0014    0.0363         2       640    0.5371    0.7626    0.6326    0.3593   0.02456  0.004288  0.001224
     48/49      2.5G   0.03098  0.004725  0.001305   0.03701         8       640    0.5631    0.7631    0.6361    0.3535   0.02401  0.004343  0.001233
     49/49      2.5G   0.03021  0.004665  0.001278   0.03615         4       640    0.5455    0.7623    0.6169    0.3492   0.02412  0.004344  0.001186
     50/80     1.47G   0.03822  0.005236   0.00213   0.04559         0       640    0.5442    0.7005     0.585    0.2365   0.03086  0.004994  0.001881
     51/80     2.49G   0.03347  0.005055  0.001854   0.04038         1       640    0.5693    0.7534    0.6255    0.3267   0.02645  0.004628  0.001297
     52/80     2.49G   0.03241  0.004891  0.001706   0.03901         6       640    0.5461    0.7274     0.608    0.3279   0.02681  0.004618  0.001314
     53/80     2.49G   0.03242  0.004905  0.001698   0.03902         9       640    0.5165    0.7315    0.6029    0.3298   0.02643  0.004513  0.001261
     54/80     2.49G   0.03139  0.004762  0.001686   0.03784         3       640     0.567    0.7451    0.6086    0.3204   0.02596   0.00441  0.001506
     55/80     2.49G   0.03107  0.004694  0.001581   0.03735         1       640    0.5832    0.7592      0.63    0.3336   0.02565  0.004475  0.001475
     56/80     2.49G   0.03088  0.004697  0.001709   0.03728         6       640    0.5458    0.7499    0.6196    0.3184   0.02594  0.004414  0.001357
     57/80     2.49G    0.0312  0.004674  0.001469   0.03734         2       640     0.577    0.7478    0.6303    0.3501   0.02549  0.004273  0.001277
     58/80     2.49G     0.031  0.004695  0.001499   0.03719         1       640    0.5505    0.7542    0.6337    0.3321   0.02571  0.004388  0.001436
     59/80     2.49G   0.03084  0.004605  0.001272   0.03672         1       640    0.5574    0.7683    0.6091     0.328   0.02486  0.004193  0.001317
     60/80     2.49G   0.03032  0.004524  0.001496   0.03634         1       640    0.5476    0.7759    0.6125    0.3022   0.02614  0.004236  0.001432
     61/80     2.49G   0.03006  0.004524  0.001384   0.03597         5       640    0.5318    0.7555    0.6002    0.3231   0.02487   0.00411  0.001304
     62/80     2.49G   0.02987  0.004513   0.00137   0.03575         1       640    0.5194    0.7678    0.6449    0.3509   0.02503  0.004179  0.001401
     63/80     2.49G   0.03012  0.004492  0.001401   0.03602        12       640    0.5583    0.7803    0.6304    0.3418   0.02569  0.004208   0.00128
     64/80     2.49G   0.03001  0.004506  0.001422   0.03594         4       640    0.5578    0.7762    0.6133     0.333   0.02402  0.004321  0.001272
     65/80     2.49G   0.02921  0.004473  0.001166   0.03485         1       640    0.5323    0.7601    0.6059      0.34   0.02499   0.00406  0.001192
     66/80     2.49G   0.02931  0.004469  0.001289   0.03507        10       640    0.5673    0.7727    0.6309    0.3493    0.0251  0.004171  0.001335
     67/80     2.49G   0.02917  0.004415   0.00125   0.03483         1       640    0.5503    0.7745    0.6275    0.3495   0.02424  0.004029  0.001281
     68/80     2.49G   0.02905  0.004386  0.001446   0.03488         1       640    0.5619    0.7492    0.6235    0.3533   0.02438  0.004027  0.001293
     69/80     2.49G   0.02865  0.004306  0.001161   0.03412         4       640    0.5794    0.7679    0.6308    0.3481   0.02421   0.00407  0.001288
     70/80     2.49G   0.02861  0.004303   0.00119   0.03411         3       640    0.5632    0.7717      0.63     0.358   0.02365   0.00397   0.00129
     71/80     2.49G    0.0287  0.004285  0.001341   0.03433         1       640     0.549    0.7665    0.6271    0.3564   0.02363  0.004104  0.001294
     72/80     2.49G   0.02826  0.004334   0.00117   0.03376         4       640    0.5681    0.7772    0.6376    0.3535   0.02427  0.004067  0.001206
     73/80     2.49G   0.02824  0.004312  0.001195   0.03374         4       640    0.5896     0.757    0.6202    0.3494   0.02323  0.004009   0.00124
     74/80     2.49G   0.02824  0.004273  0.001154   0.03367         5       640    0.5349    0.7971    0.6373    0.3629   0.02357  0.004018  0.001237
     75/80     2.49G    0.0277  0.004298  0.001132   0.03313         7       640    0.5573    0.7755    0.6337    0.3671   0.02279  0.003867  0.001292
     76/80     2.49G   0.02741  0.004247  0.001164   0.03283         9       640    0.5254    0.7949    0.6375     0.375    0.0234  0.004033  0.001316
     77/80     2.49G   0.02769  0.004216  0.001079   0.03299         3       640    0.5575    0.7883    0.6458    0.3621   0.02344  0.003938  0.001253
     78/80     2.49G   0.02743  0.004215  0.001114   0.03275         2       640    0.5627    0.7801    0.6362    0.3618   0.02297   0.00398  0.001332
     79/80     2.49G   0.02774  0.004212  0.001164   0.03312         1       640    0.5596    0.7811    0.6445    0.3659   0.02299  0.003943  0.001199
     80/80     2.49G   0.02747  0.004227   0.00127   0.03297         9       640    0.5598    0.7729    0.6314    0.3611   0.02317  0.003851  0.001199
